$ANSIBLE_VAULT;1.1;AES256
32313363616533386466623766353837326538616431303734383462343032386238356636396136
3632363364376664396631323564326463316330653231630a353866303935656339336362356132
65306265326230376333333930613566313032613736626662663239333435313831393830383333
3639316631653863610a613933333165386130656530363166323437616238363633353738396464
62356461316633646434316366636462626633623236326665306138333030343934376164386364
37356634336237646631663439653537623635333436626136353238626632383130656431353130
61386166373037623232343566323832313366646434613763343861383038373132316439616337
31613030303330336565383662646234383834656537353461356563326137353438653937353533
39383862313137646238663732346631613633353337346237653033386331646262313938663535
65363430343764623461366137646234656236663733396465316435336139343461366365646336
35393236353931623861386261303665373863396166613130353938393735313462353639653831
66343531383936323462613664323639653761616266373061663939396665626434656230393762
32373134353662346336333136366332663235333135383338636536333566303437303936303461
33363165656164643766323066336636633266656136336434353236323464633530636662313964
64643938386231333738613639646230326266393461353136383438323264386434326431653866
35613065303765346236396666356235346563663330333135376233336365313031643434373337
36346465643930333064316565313436396266323462356535373739333533613331393332656264
31396465353432626138343064616533616464633333383265393637353031616263323234393539
30653763316564653861313361303034376636343638346234323339316334656234623536336134
62653738346361306537383430666138383636373931383737636636303537663938613935613937
33633332383062343938633664613065636164316530396534353338356239386538323439613638
39373461613565316633393764626430633330353732626237316434306635373662633435363235
61393866653130666430393431663139306334643063336130623733373666636231643231343365
35666339633938333466363633373136313535613139383631656438303264333336333966343831
38346130613364323366363962383735333135386361386536633530383162373034643638623030
33356161653964383435636261366561616464343331363338633164343330663231656333306464
63333037373761653862313638363763313361376630393435333735646337396266396266303862
30383032663832666331356662616662353038383130313233333336373139636263303432383436
36643665653832316166653231366633333062643038643630633461383565333032326433663834
66646530326138396663323465393965643731383463613262653435346166623831363636326264
34333737643362633265623864336635343265653430643635626637616637376434326663333965
39633264643435633335333366363336313938376434326362383963343930653437376664663236
34366163626265366330386463303632326261623636316362326439346232313863333062613339
33393438646234336361366565393937643464363962333834326364656536393365316465323230
33326430313834393037373139323332653830333662323339306339303533643830363136376134
39643936653232303136363930643033383939306238396537383433393563353961343235613238
33646439313633366237646265323830363665643961353331653065396536613464346538333662
31383963326165656336316635336330383634373833613637656264623535636661346133393730
32303833343466613934346636343335346337306461616135333931326336626364376230393338
63656662306534306139643533393238366665326233386434613637616531353862383034316633
36303565393535636437346435633139376535353036326630393336393536316264303662613735
64643566313261303735343530613066373963393163366563306634663065656535373064356162
36393733316636363865323336373230636661333562363637633665383965393065303039636663
63366237636230356565323965396232653237636130373035646433623164356230396237613533
64636166643836326636396563376138353266633662363039333862343733613537656133316664
62353534363734333339363262323361626131636162663036396530653338353633353530336130
39623633643462313930343561373164333435653230333732663361643138343038346137306437
31353531613032393333353338306466363836326139383430396337383230343831383565306132
63366336323163363031666264636261346535323738313764656333393538363731343732366566
39333333666232393637306638303032383763343433646231386332306434386334386336356536
30663161303262646165303036346663343833333463633563643937653961326163643661316135
39643731303266653966373136366261313332333132343264373738333530343339633166643531
64646132643036613437613463636632656636656564373639333561313230343037363961353038
37386530316162353033643565303836653136366239663363333730663136326632626161383763
34626464643038336430646265363437616632326339396631333937306433313937303161393062
32643032303531326266306632363133613261353137656532366666303439316239396636666330
64653731613537636265663831346534643438626539383435313736663737376264663863306264
61633832663461313266323732383263613462643732386462346438363037363162373136636434
62373065386433393462306337623438323539356465613031393331656431363238373861346164
37616337646466653562623835373135613666643866643530636137356165393634346566343330
66653130383135336436393135663732333931613036333036396661383434363433636636333739
34333762663764633462656439343133353236393639313330303964343537353930643532316135
64386237613136356332366262383465646532333137373933333031643230323437353063616331
33313135393630353566643232323165626232323637343934396430346231383234313538613438
33623936306534653032633562653038663634303031336433333138613033363662663865663334
65323734336532313633616133376233343662646465336633333234643435663332656538656630
35316330313465363231376361353261363735303137373334643533646430313164373739623138
34623339313433613336366231343232363634326162653766393238343562386436366532316238
64643435343763303733386432663139346166323837366166383761356136653833616266333966
62353763623935366339623039656262386665663534656431306163643036626231326630396334
63636434663262366137376238323839373332316566616535323235643630396262623339356630
30333065386463373763393665383736663339373632373837303662646133386434636435373439
34376236326562653837373163303338626339303262643131393464356435663239643833396130
62386463396639316536303963333633363636326361643062613762373632326632623737316534
65376665636539666436316238623366393436333961353961306235626265313864643065343861
35626133393139646137636664633136306232646133623033643462353930646465323338316137
30666239653861333964303233353562666166653465376336616137343638653862653630316463
31643961313336313637663136353666653262343861633131616439636234373364396664636335
31376464373433316463306233663130323831356535376662653831653537326239643536386439
36306262336234326362663266373335623139313730646135306337336465313364303563656366
37333065626138643436303061393839353764316165326637373234623432343463646230366165
38613639333961343438663065353738643965653239623336653639383834323262313237343063
34623665333464356661643736323930623263393738333561653631386639653831653563666331
63303439376231376237616464336638616261376566363634393337616538333438363161343761
65633534333435393830316332613962323838343264393164623034623538626661636233306433
37383562633037306335626537643035363864623239326564616366646164333866363934396638
30346632626232626136336237356230306261363035313132393632353737353635353432653938
33646533636563313563636663313962353364376566393430316531323038383761613632303535
64636339393936653966306366656666653439393766373463316334386434303233333438326230
37373239313539633637383831613239653665613631383631366134303762313535616433383166
31316465376661373765633531653762353565663466393131313763633834303366363262306538
32623235386261353432383736373330363937613431383333306436653862393938663238333937
38316238613663316166663339663031376337616562343664656331663430653730653739633366
65356561396332383330643335346665366236633836386438303739316163663562326231383735
35326431396239326130663535373638346235336339663030306563383630653532656233303737
64613235343963616432383634316439356332396161623464336536666438633965346664666666
30363564386666383633386230333330316534643330383365643130323834393563653933333563
65393365653934393132346434356261653362363063333837343932353463306163393338333036
30323465336133366434383739303061623436323234626361633263616139666532663331323833
30623365353864393764386464633164353566626636646636356131393064613234633239646136
38633635643030666464623161336663666435393061346236666431323435636262326363326363
31373730353336336462636265653463623435613436333364373333376265633339636232303763
66646363356639633039366432316532633239616533643435303761333861373836633030356233
31356439643130326636366466666462663033633038343230326437396234373231386539386630
64343864343263616136393937396664613765623932646436353037333563393162373235306432
34386430313436356632666666373836633866356130663730373732643633666235663433306264
64313739366463316138393738333763306165333838303338346264363764383130653338663261
31396335383034303738656161663562663631366231383463646237376266303738333661316530
37346466333032343065313563306163653965383733353564353533303964373163383635653934
33323638303361633738316637623537346439663261316363383639643765323838393231383663
66313737633032353337376365363364636631303536623966363332303166643161613431636563
66306530363431663263303761666165313262636462613464326530633036316231653962623031
38303766376434313338386335303964383030313863616433393338346636643639613836373134
33366539616633396163383930316663613338333239333436383461626634363965623763626466
38313065353030386637306538333236356632616635313232646537333762326262633663666531
65303932646230663861323864363438623230643839393139343330316566326662393863373636
63313030316238356365643234306266666437336463666331663931323165396635383132666539
34306662323330323434633939653965386133336338633162333730343763383736616139333162
39393435343838643530336437643364323564376635663630363466346437613738393832626639
38666431633665653431626432656638333035636561376434323037373363663661333462656231
35316461633664373961633664336532306535373533663464353664373563663936633338316563
38346337653637373162663434313339613439333063663265613336623765353066393962313563
63353934656364613666653763383565316236303739386331356633346365616165353931306564
64393333643733383630326537383635313861306235383835393437366362646462393333383032
66326234346135643966373735383365376530653132643237353037373832626333303331343663
62343462396634323735306435313431396630393564306266393262313934376430663664636262
66356531333831356530363233363661656666336532633738643135353232656665376432643838
39633266316661303636333937326237333334346432316465373564346661613130386339303639
31323466303135353031336334646364663730363635663032316130393134396166353931656562
32643337356536656337386238383535303364396435323835393638323836353963316235323364
31636165643462346564663662666464613330313864303233623133333066333637663363663364
38633732316637623165396639353638336561343637633165356533333937613835353635393964
61633137333736366435343563656166343436376366636661383261373938346635313536333865
3634636631323937393231626266306233636663643532333836
